S
  0.0219556   0.000665847    0.00145768  -0.0427658  -1.71083
  0.0614     -0.00592388    -0.0164126   -0.978942    0.930516
  0.119989    0.0337035      0.136895    -0.731426    2.2918
  0.164      -0.0445219     -0.334697     0.581932   -1.74654
  0.436934    0.113734      -1.21646      1.21629    -0.205491
  0.648329   -0.250336       0.250997    -0.550457   -0.413286
  1.14219     0.206424      -0.564627     0.61557     0.262774
  2.32866    -7.54663        8.39707     -5.03205     0.562244
  2.75649    12.2175       -12.5955       7.27917    -1.00041
  3.53743    -8.88179        7.96        -4.16014     1.07688
  5.207       3.55318       -2.59994      1.19676    -0.508569
 21.213      -0.238181       0.107054    -0.0453753   0.017806
 32.9133      0.0771705     -0.027029     0.0117363  -0.00259834
