S
  0.00707094  -0.000541822  -0.000150916   0.00536012  -0.0432828   -0.607849
  0.0140562    0.00184423    0.000136005  -0.0130403    0.507225     2.05331
  0.0291169   -0.00331383    0.00145271   -0.0705804    1.62109     -3.62246
  0.0679393    0.00552177   -0.0128506    -1.2204      -2.19555      5.71822
  0.140755    -0.00739901    0.110861     -0.00198383   0.0313487   -6.81185
  0.3816       0.0142688     1.10493       1.02361      0.774374     7.18566
  1.1264       0.172194      0.449776      0.0746006   -0.0396858  -12.1782
  2.06402      1.10353      -1.81128      -0.519176    -0.162546    15.3084
  4.00019     -0.488725      1.90183      -0.24356     -0.640578   -25.2101
  5.65685      3.78437      -5.48686       0.37467      1.44983     48.7148
  7.5519      -9.65742      10.104        -1.3697      -3.3098     -79.2974
  8.51         5.52549      -5.85379       1.90292      3.05483     54.0629
 10.715        0.316225     -0.0069402    -0.581709    -0.600098    -5.24797

P
 0.005       6.67124e-5    0.000563302   0.0133225  -0.0383184   -0.201743
 0.0238612   0.000619783   0.00425718    0.349758    6.34764     -1.83251
 0.012      -0.000288491  -0.00228258   -0.071947    1.00577      0.86702
 0.057      -0.00170135   -0.00529609    2.22988    -3.05606      4.75346
 0.101821    0.00372726   -0.0128237     1.58903    -3.99769     -9.50713
 0.165183   -0.00399489    0.185805     -0.50365     1.11816      8.8294
 0.417546    0.00672002    0.916833     -1.48167     1.5813      -5.57957
 1.19405     0.0658548     0.434722     -0.513409    0.581876     7.19499
 2.05207     0.261638     -0.752762      0.799873   -0.865491    -6.23092
 4.92257     0.581804     -0.487923      0.548916   -0.467816     6.25508
 6.95948    -1.04207       0.153474     -0.21911    -0.027947   -18.2859
 7.53849     0.533403      0.244675     -0.216652    0.400244    13.6339
D
 0.0142818  -1.01073e-5   -0.00260652    0.00763608  -0.109943     -0.0065863
 0.033       3.03988e-5    0.0133726     0.11747      0.0544693     0.0211411
 0.0971987  -0.000238696   0.0718868     0.109274     0.116114     -0.205847
 0.12934     0.000448306   0.0966882    -0.1227      -0.110517      0.319028
 0.311124    0.00674588    0.197212     -0.00911625   0.0255703    -0.613518
 0.537931    0.0347576    -0.0961057    -0.0519249   -0.0774622     1.72767
 0.856449    0.231286      0.403915      0.124371     0.216693     -5.63461
 0.98       -0.121072     -0.351457     -0.113149    -0.194229      4.96837
 1.49899     0.480453      0.000975156   0.0260834    0.0312936    -0.649454
 3.06954     0.513535     -0.0673647     0.0119795    0.00279309    0.0862391
 9.51841    -0.0748306     0.00794827   -0.00140559  -0.000338187  -0.00886364

F
 0.00639974  -7.00922e-5  -0.00260074   0.00474471  -2.80562
 0.0108       0.00025362   0.0194921    1.12289     -1.66338
 0.0192866   -0.00068269   0.170144     2.0488       3.65955
 0.0315787    0.00130168   0.877414    -0.340514     0.377494
 0.0615862   -0.00507606   1.15971     -1.3971      -1.45887
 0.150953    -0.0777948    0.343213    -0.496198    -0.564194
 0.277109    -0.159866    -0.177052     0.249687     0.28157
 0.445326    -0.243065     0.0156796   -0.0872548   -0.124197
 0.830519    -0.401774    -0.207494     0.242004     0.251977
 1.49952     -0.132946     0.0227495   -0.0761905   -0.103289
 1.87087     -0.302419    -0.161852     0.192271     0.201776
 3.96834     -0.192814    -0.0684548    0.0627469    0.0570351
